20469,29248
68784,49725
44762,16095
22060,16220
64759,77341
undo
60500,24787
46369,75129
38255,34518
12477,24294
12229,66984
12229,29248
24294,45020
68784,76493
21875,21203
27483,17402
undo
23927,20469
undo
16095,20232
77341,21596
undo
undo
65492,36995
36991,70493
17042,25663
45311,34518
12011,66207
17042,12477
34518,21875
38255,23927
70493,64278
49725,26885
61156,24787
20232,70352
71894,21596
undo
58457,24294
36995,44762
12477,28186
68784,72903
undo
36991,77341
21596,61156
46369,51757
undo
44762,46369
20232,44762
undo
undo
38255,45311
66207,18971
65492,12229
36991,49725
undo
41131,12011
68784,60500
undo
64759,51757
58457,45311
68322,34518
12229,65492
64759,66207
undo
49725,51757
41131,62131
49934,38255
12011,17042
17402,49934
36991,75129
57028,72903
62131,27107
46369,56127
45311,21596
46369,12011
undo
77341,65492
46814,71894
44762,70493
undo
62131,38255
68725,27483
23927,45311
36991,17402
undo
38255,76493
38255,49725
undo
undo
49725,54668
49725,70493
undo
undo
undo
undo
undo
57028,62131
76493,64759
undo
36995,12011
62131,21203
undo
49693,36991
70352,66984
undo
undo
undo
36991,54668
66207,27574
66984,31393
56127,46814
36991,22060
undo
17402,70493
undo
75129,66984
16095,55250
undo
57028,27574
undo
36991,17402
36991,27483
21203,57028
18971,36991
36991,70493
45311,64759
70352,49693
undo
undo
27574,49725
undo
undo
20232,27483
36995,54668
20232,70493
undo
77341,20232
49693,27107
31393,38255
62131,64759
12011,41131
undo
41131,36995
36995,21203
62131,45311
36991,27574
undo
undo
34518,68784
58457,61156
16095,12011
24787,12211
27107,18971
27107,45311
72903,49693
61156,27107
28186,24787
71894,66207
undo
58458,36995
38255,68725
12211,45311
66207,46369
36991,61156
27574,49934
undo
54668,12229
36995,77341
undo
46814,70493
49693,75129
36991,72903
undo
undo
44762,49934
56127,68322
undo
undo
49725,75129
49693,36995
36991,38255
undo
23927,72903
21875,62131
38255,77341
64278,58458
61156,17402
72903,16095
75129,46814
undo
31393,27574
51757,60500
58458,76493
undo
undo
20469,46369
66207,28186
undo
68784,68322
61156,55250
18971,64278
36991,23927
